42332d0369806654e1be1f7627ce85d1 0 0 0 0 1 1 1 0 0,1,0 0.5 0.5 1.0 1.0 0.8 0.8 0.8 0.8 0.8
0f50c848874d9e3d5ee4fbaaed458abe 0 0 0 0 1 1 0 1 0,1,0 0 0.5 1.0 1.0 0.8 0.8 0.8 0.8 1.0
130557158560a08c77b3d7275b26edae 0 0 0 0 1 1 0 0 1,1,0 0 0 1.0 1.0 0.8 0.8 0.8 0.8 1.0
331140170d953050de6624eea26038ca 1 1 1 0 0 0 0 0 0,2,0 0 0 0 0.5 0.5 0.5 0.8 0.8 0.8
48504132467a74efc8823c6176d0c9a3 1 1 0 1 0 0 0 0 0,2,0 0 0 0 0 0.5 0.5 0.8 0.8 0.8
601642122922dd4faef7742bcf6cbb35 1 1 0 0 1 0 0 0 0,2,0 0 0 0 0 0 0.5 0.8 1.0 1.0
55584112304585f32b248416320e6c8f 1 1 0 0 0 1 0 0 0,2,0 0 0 0 0 0 0 1.0 0.8 1.0
0f47192edacf216efc668d90765e37a0 0 0 1 1 1 0 0 0 0,3,0 0 0 0 0 0 0 0 0.5 0.5
03d0375990ca83a01ac060594b594076 0 0 1 1 0 1 0 0 0,3,0 0 0 0 0 0 0 0 0 0.5
0e2a4281ef4e58e55430589ab8eb5dda 0 0 1 1 0 0 1 0 0,3,0 0 0 0 0 0 0 0 0 0
